99
87
99
95
95
99
77
87
86
98
99
88
72
99
85
99
76
55
99
77
99
98
86
76
54
97
87
76
99
99
88
98
66
96
97
99
88
99
77
76
84
73
77
75
77
99
88
52
88
63
77
77
76
99
99
88
76
96
77
77
95
77
99
96
95
55
86
88
89
77
99
66
66
75
98
98
77
99
77
99
98
77
98
99
89
88
87
76
75
88
89
87
97
77
86
96
76
76
65
77
99
98
88
88
99
99
98
86
99
99
95
99
77
44
99
89
88
99
75
88
99
88
95
96
87
87
98
65
99
98
98
88
88
65
88
66
85
88
99
86
95
75
99
74
66
95
98
97
77
97
72
99
88
99
97
97
88
88
99
98
87
98
98
97
97
65
87
86
88
65
77
98
99
88
76
99
98
66
85
99
99
76
98
88
99
99
87
97
77
99
99
99
55
89
77
88
99
87
66
76